# Parmaeters for NEA cod

beta = 0.655793 # 0.648728
r = 0.090367 # 0.077281
c = 6.519584 # 6.318308 #6.51559
q = 1
k = 0.00674
alpha = 3.056863227
E1 = 2500
pmrn_lp50 = 148.6918 #118.122779
pmrn_width = 47.532614
pmrn_slope = -6.609008
pmrn_envelope = 0.25
Lref = 70.48712 #80

#	# Pure power law
#	Mref = 0.20775 # ##0.1421 #<--old value from file
#	b    =  1.58127 ###1.8131
#	M0   = 0 #

# Power law + offset
Mref = 0.062994 # 0.20775 # ##0.1421 #<--old value from file
b    = 2.455715 # 1.58127 ###1.8131
M0   = 0.162126 #  0 #

# Juvenile length and survival probability 
L0 = 9.1
s0 = 0.08094733 # 0.02 # 0.09637
Bhalf = 187837572 #3.65e8  # Bhalf for recruitment 

# temperature and density dependence of growth
beta1 = -7.07e-5
beta2 = 0.178
Tmean = 5.61
tsbmean = 1.93e3 # i.e. 1.93e9/1e6 # convert kg to kT

# temperature dependence of mortality
cT = 0.196
Tref = 5.6

# temperature dependence of maturation
beta3 = 1.374

